Generated by GetData 2.20 on January 23 2025, 17:18
from file 'C:\Users\Gc'lou'd\OneDrive\JingdouUniversity\界面推导论文\图片\微信截图_20250123171336.png'


Line #1
 1.00000000000000e+000    0.00000000000000e+000
 9.99754118514876e-001    6.12244897959184e-002
 9.95410212277682e-001    1.42857142857143e-001
 9.79038603393165e-001    2.19387755102041e-001
 9.70719613146463e-001    2.90816326530612e-001
 9.54348004261946e-001    3.67346938775510e-001
 9.37955905253668e-001    4.48979591836735e-001
 9.17609212359643e-001    5.15306122448980e-001
 8.89209900827801e-001    5.86734693877551e-001
 8.64847143676748e-001    6.53061224489796e-001
 8.32452258011638e-001    7.19387755102041e-001
 8.00057372346529e-001    7.85714285714286e-001
 7.47602655520039e-001    8.46938775510204e-001
 6.95291369559872e-001    8.72448979591837e-001
 6.34927464961888e-001    9.03061224489796e-001
 5.78641094992214e-001    9.18367346938776e-001
 5.14322596508483e-001    9.33673469387755e-001
 4.50024588148512e-001    9.43877551020408e-001
 3.89742644045570e-001    9.54081632653061e-001
 3.33476764199656e-001    9.64285714285714e-001
 2.61167117449389e-001    9.69387755102041e-001
 2.00885173346447e-001    9.79591836734694e-001
 1.32571100729448e-001    9.89795918367347e-001
 8.03417752643226e-002    9.94897959183674e-001
 1.60847471518728e-002    9.94897959183674e-001
