Generated by GetData 2.20 on January 23 2025, 17:30
from file 'C:\Users\Gc'lou'd\OneDrive\JingdouUniversity\界面推导论文\图片\1000.png'


Line #1
 1.00000000000000e+000    0.00000000000000e+000
 9.99754118514876e-001    6.12244897959184e-002
 9.95410212277682e-001    1.42857142857143e-001
 9.83739837398374e-001    2.44897959183673e-001
 9.71544715447154e-001    3.21428571428571e-001
 9.55284552845528e-001    4.03061224489796e-001
 9.34959349593496e-001    4.79591836734694e-001
 9.14634146341463e-001    5.51020408163265e-001
 8.94308943089431e-001    6.17346938775510e-001
 8.65853658536585e-001    6.88775510204082e-001
 8.33333333333333e-001    7.65306122448980e-001
 7.96747967479675e-001    8.21428571428571e-001
 7.52032520325203e-001    8.82653061224490e-001
 6.99186991869919e-001    9.28571428571429e-001
 6.46341463414634e-001    9.59183673469388e-001
 5.81300813008130e-001    9.74489795918367e-001
 5.24390243902439e-001    9.84693877551020e-001
 4.59349593495935e-001    9.89795918367347e-001
 3.98373983739837e-001    9.89795918367347e-001
 3.25203252032520e-001    9.94897959183674e-001
 2.68292682926829e-001    9.94897959183674e-001
 1.99186991869919e-001    9.94897959183674e-001
 1.42276422764228e-001    1.00000000000000e+000
 8.13008130081301e-002    1.00000000000000e+000
 1.21951219512195e-002    1.00000000000000e+000
