Generated by GetData 2.20 on January 23 2025, 17:25
from file 'C:\Users\Gc'lou'd\OneDrive\JingdouUniversity\界面推导论文\图片\395.png'


Line #1
 1.00000000000000e+000    0.00000000000000e+000
 9.99754118514876e-001    6.12244897959184e-002
 9.95410212277682e-001    1.42857142857143e-001
 9.91869918699187e-001    2.24489795918367e-001
 9.75609756097561e-001    3.01020408163265e-001
 9.59349593495935e-001    3.82653061224490e-001
 9.39024390243902e-001    4.69387755102041e-001
 9.14634146341463e-001    5.30612244897959e-001
 8.90243902439024e-001    6.07142857142857e-001
 8.61788617886179e-001    6.78571428571429e-001
 8.33333333333333e-001    7.39795918367347e-001
 7.92682926829268e-001    8.01020408163265e-001
 7.52032520325203e-001    8.62244897959184e-001
 7.03252032520325e-001    9.08163265306122e-001
 6.42276422764228e-001    9.38775510204082e-001
 5.85365853658537e-001    9.54081632653061e-001
 5.16260162601626e-001    9.64285714285714e-001
 4.63414634146341e-001    9.69387755102041e-001
 3.94308943089431e-001    9.74489795918367e-001
 3.37398373983740e-001    9.79591836734694e-001
 2.72357723577236e-001    9.84693877551020e-001
 2.07317073170732e-001    9.89795918367347e-001
 1.50406504065041e-001    9.94897959183674e-001
 7.31707317073171e-002    9.94897959183674e-001
 1.21951219512195e-002    1.00000000000000e+000
