Generated by GetData 2.20 on January 23 2025, 17:28
from file 'C:\Users\Gc'lou'd\OneDrive\JingdouUniversity\界面推导论文\图片\500.png'


Line #1
 1.00000000000000e+000    0.00000000000000e+000
 9.99754118514876e-001    6.12244897959184e-002
 9.95410212277682e-001    1.42857142857143e-001
 9.75708502024291e-001    2.44897959183673e-001
 9.67611336032389e-001    3.11224489795918e-001
 9.51417004048583e-001    3.92857142857143e-001
 9.35222672064777e-001    4.64285714285714e-001
 9.14979757085020e-001    5.35714285714286e-001
 8.90688259109312e-001    6.17346938775510e-001
 8.54251012145749e-001    6.83673469387755e-001
 8.29959514170040e-001    7.50000000000000e-001
 7.89473684210526e-001    8.11224489795918e-001
 7.53036437246964e-001    8.72448979591837e-001
 6.96356275303644e-001    9.23469387755102e-001
 6.35627530364372e-001    9.48979591836735e-001
 5.78947368421053e-001    9.69387755102041e-001
 5.18218623481781e-001    9.74489795918367e-001
 4.53441295546559e-001    9.79591836734694e-001
 3.92712550607287e-001    9.89795918367347e-001
 3.27935222672065e-001    9.89795918367347e-001
 2.67206477732794e-001    9.94897959183674e-001
 2.02429149797571e-001    9.94897959183674e-001
 1.41700404858300e-001    1.00000000000000e+000
 7.69230769230769e-002    1.00000000000000e+000
 1.61943319838057e-002    1.00000000000000e+000
